  3 28 28 37.43 41.28 42.82 21984 0.00 0.00 0.00     0 37.01 41.02 42.67 11354     0 5.252
  3 28 28 37.43 41.28 42.82 21984 0.00 0.00 0.00     0 37.01 41.02 42.67 11354     0 5.185
  3 28 28 37.43 41.28 42.82 21984 0.00 0.00 0.00     0 37.01 41.02 42.67 11354     0 5.456
  3 28 28 37.43 41.28 42.82 21984 0.00 0.00 0.00     0 37.01 41.02 42.67 11354     0 14114.905
  3 28 28 37.49 41.29 42.85 22088 0.00 0.00 0.00     0 36.86 41.10 42.64 11101  2616 8.409
  3 28 28 37.52 41.29 42.85 23984 0.00 0.00 0.00     0 36.83 41.06 42.57 11730  2584 9.660
  3 28 28 37.52 41.29 42.85 23984 0.00 0.00 0.00     0 36.83 41.06 42.57 11730  2584 16.084
  3 28 28 37.52 41.29 42.85 22192 0.00 0.00 0.00     0 36.83 41.06 42.57 11133  2584 12088.613
  3 28 28 37.52 41.29 42.85 22192 0.00 0.00 0.00     0 36.83 41.06 42.57 11133  2584 7.652
  3 28 28 37.52 41.29 42.85 22192 0.00 0.00 0.00     0 36.83 41.06 42.57 11133  2584 19.876
  3 28 28 37.52 41.29 42.85 23984 0.00 0.00 0.00     0 36.83 41.06 42.57 11730  2584 7.473
  3 28 28 37.52 41.29 42.85 23984 0.00 0.00 0.00     0 36.83 41.06 42.57 11730  2584 7.435
  3 28 28 37.49 41.29 42.85 22088 0.00 0.00 0.00     0 36.86 41.10 42.64 11101  2616 8.009
  3 28 28 37.49 41.29 42.85 22088 0.00 0.00 0.00     0 36.86 41.10 42.64 11101  2616 7.755
  3 28 28 37.43 41.28 42.82 21984 0.00 0.00 0.00     0 37.02 41.05 42.69 11402     0 5.143
  3 28 28 37.43 41.28 42.82 21984 0.00 0.00 0.00     0 37.01 41.02 42.67 11354     0 5.434
  3 28 28 37.43 41.28 42.82 21984 0.00 0.00 0.00     0 37.01 41.02 42.67 11354     0 5.388
  3 28 28 37.43 41.28 42.82 21984 0.00 0.00 0.00     0 37.02 41.05 42.69 11402     0 5.715
  3 28 28 37.43 41.28 42.82 21984 0.00 0.00 0.00     0 37.01 41.02 42.67 11354     0 15.273
  3 28 28 37.43 41.28 42.82 21984 0.00 0.00 0.00     0 37.02 41.05 42.69 11402     0 8.292
  3 28 28 37.43 41.28 42.82 21984 0.00 0.00 0.00     0 37.02 41.05 42.69 11440     0 5.361
  3 28 28 37.38 41.28 42.82 21768 0.00 0.00 0.00     0 36.99 41.07 42.55 11370     0 9.123
  3 28 28 37.38 41.28 42.82 21768 0.00 0.00 0.00     0 36.99 41.07 42.55 11370     0 471.645
  3 28 28 37.38 41.28 42.82 21768 0.00 0.00 0.00     0 36.99 41.07 42.55 11370     0 13.353
  3 28 28 37.38 41.28 42.82 21768 0.00 0.00 0.00     0 36.99 41.07 42.55 11370     0 9.812
  3 28 28 37.41 41.28 42.82 23904 0.00 0.00 0.00     0 37.02 41.08 42.61 12128     0 15.954
  3 28 28 37.41 41.28 42.82 23904 0.00 0.00 0.00     0 37.02 41.08 42.61 12128     0 10.184
  3 28 28 37.38 41.28 42.82 21768 0.00 0.00 0.00     0 36.99 41.07 42.55 11370     0 10.386
  3 28 28 37.38 41.28 42.82 21816 0.00 0.00 0.00     0 36.99 41.07 42.55 11386     0 9.480
  3 28 28 37.38 41.28 42.82 21816 0.00 0.00 0.00     0 36.99 41.07 42.55 11386     0 10.740
  3 28 28 37.38 41.28 42.82 21768 0.00 0.00 0.00     0 36.99 41.07 42.55 11370     0 9.485
  3 28 28 37.38 41.28 42.82 21768 0.00 0.00 0.00     0 36.99 41.07 42.55 11370     0 12.264
  3 28 28 37.38 41.28 42.82 21768 0.00 0.00 0.00     0 36.99 41.07 42.55 11370     0 9.839
  3 28 28 37.41 41.28 42.82     0 0.00 0.00 0.00     0 37.02 40.97 42.56     0     0 10.295
  3 28 28 37.41 41.28 42.82 34984 0.00 0.00 0.00     0 37.02 40.97 42.56 16346     0 9.969
  3 28 28 37.38 41.28 42.82 21768 0.00 0.00 0.00     0 36.99 41.07 42.55 11370     0 10.132
  3 28 28 37.19 41.28 42.82 32512 0.00 0.00 0.00     0 36.86 41.04 42.67 15328     0 28.274
  3 28 28 37.19 41.28 42.82 25728 0.00 0.00 0.00     0 36.88 41.02 42.59 13218     0 104.694
  3 28 28 37.38 41.28 42.82 21768 0.00 0.00 0.00     0 36.99 41.07 42.55 11370     0 5.236
  3 28 28 38.19 41.28 42.82  6800 0.00 0.00 0.00     0 37.59 41.08 42.42  4157     0 50.143
  3 28 28 37.38 41.28 42.82 21768 0.00 0.00 0.00     0 36.99 41.07 42.55 11370     0 5.191
  3 28 28 37.41 41.28 42.82     0 0.00 0.00 0.00     0 37.02 40.97 42.56     0     0 6.936
  3 28 28 37.38 41.28 42.82 21768 0.00 0.00 0.00     0 36.99 41.07 42.55 11370     0 4.868
  3 28 28 37.41 41.28 42.82 21848 0.00 0.00 0.00     0 37.02 40.97 42.56 11389     0 88.642
  3 28 28 37.41 41.28 42.82 21848 0.00 0.00 0.00     0 37.02 40.97 42.56 11389     0 105.756
  3 28 28 37.38 41.28 42.82 21768 0.00 0.00 0.00     0 36.99 41.07 42.55 11370     0 4.998
  3 28 28 37.38 41.28 42.82 43480 0.00 0.00 0.00     0 36.99 41.07 42.55 22674     0 5.423
  3 28 28 37.41 41.28 42.82 21848 0.00 0.00 0.00     0 37.02 40.97 42.56 11389     0 5.136
  3 28 28 37.38 41.28 42.82 21768 0.00 0.00 0.00     0 36.99 41.07 42.55 11370     0 5.288
  3 28 28 37.38 41.28 42.82 43480 0.00 0.00 0.00     0 36.99 41.07 42.55 18608     0 6.038
  3 28 28 37.41 41.28 42.82 21848 0.00 0.00 0.00     0 37.05 40.98 42.60 11354     0 19.574
  3 28 28 37.38 41.28 42.82 43480 0.00 0.00 0.00     0 36.99 41.07 42.55 18608     0 1947.142
  3 28 28 37.38 41.28 42.82 43480 0.00 0.00 0.00     0 36.99 41.07 42.55 18608     0 36.164
  3 28 28 37.41 41.28 42.82 21848 0.00 0.00 0.00     0 37.05 40.98 42.60 11354     0 32.583
  3 28 28 37.41 41.28 42.82 21848 0.00 0.00 0.00     0 37.05 40.98 42.60 11354     0 660.159
  3 28 28 37.38 41.28 42.82 43480 0.00 0.00 0.00     0 36.99 41.07 42.55 18608     0 760.515
  3 28 28 37.38 41.28 42.82 43480 0.00 0.00 0.00     0 36.99 41.07 42.55 18608     0 8.765
  3 28 28 37.41 41.28 42.82 21888 0.00 0.00 0.00     0 37.02 40.97 42.56  7296     0 78.729
  3 28 28 37.45 41.28 42.82 21936 0.00 0.00 0.00     0 37.04 41.03 42.57  7312     0 5.222
  3 28 28 37.45 41.28 42.82 21936 0.00 0.00 0.00     0 37.04 41.03 42.57 11306     0 4.993
  3 28 28 37.38 41.28 42.82 43512 0.00 0.00 0.00     0 36.99 41.07 42.55 22690     0 5.113
  3 28 28 37.38 41.28 42.82 43552 0.00 0.00 0.00     0 36.99 41.07 42.55 22706     0 5.320
  3 28 28 37.38 41.28 42.82 21808 0.00 0.00 0.00     0 36.99 41.07 42.55 11386     0 5.257
  3 28 28 37.41 41.28 42.82 34872 0.00 0.00 0.00     0 37.02 40.97 42.56 16309     0 5.263
  3 28 28 37.41 41.28 42.82 21888 0.00 0.00 0.00     0 37.02 40.97 42.56 11400     0 5.252
